3.607910576096252 0.8750590000183648
3.607910576096252 0.7758651311616844
7.618228718830601 0.6631943955006693
7.637145313843501 0.4552534310058419
7.334479793637135 0.320724762296432
7.845227858985377 0.32210674542352696
11.685296646603643 0.1814107830960883
11.647463456577846 0.12437629374861522
15.601031814273501 0.11522117130028547
15.506448839209016 0.09790477388866975
15.695614789337993 0.08098861229369185
19.705932932072344 0.050644676729273926
15.619948409286403 0.04952936423251135
15.619948409286403 0.04326430399154759
15.619948409286403 0.03946462969998734
19.72484952708524 0.033050184300159345
23.810834049871183 0.01969581417373827
23.867583834909865 0.016941817139581216
23.924333619948563 0.013245791119916932
23.810834049871183 0.007493407853252796
23.810834049871183 0.005970055889939485
