3.380911435941478 0.5375884648455993
3.91057609630262 0.524644487069292
3.55116079105756 0.5042154463479052
3.5133276010317633 0.447814008863066
3.5322441960446618 0.39806534823733847
3.45657781599307 0.34950374646851434
5.575236457437631 0.27208573885274295
5.613069647463428 0.23493796830858402
5.556319862424733 0.1973790643610161
5.556319862424733 0.15441610139805312
7.561478933791909 0.554562691536076
7.391229578675828 0.25327846701881607
7.977644024075664 0.25891659501291997
7.7317282889079895 0.2160913892642408
7.637145313843501 0.16760931180536504
7.580395528804804 0.14465017037674804
9.604471195184875 0.18006942454062824
7.561478933791909 0.09326160965823128
7.561478933791909 0.07147299177205245
11.912295786758422 0.0485082733888397
15.6577815993122 0.05598620053268533
15.695614789337993 0.025044958574123335
15.73344797936379 0.021478533863904515
15.638865004299303 0.0190974740488738
15.82803095442828 0.017139706157239205
19.800515907136834 0.02855299379445034
19.743766122098144 0.009939569224646698
19.687016337059447 0.008551310020394371
19.838349097162627 0.0056040842648320145
23.810834049871175 0.0039187849312121385
23.82975064488408 0.0023093830610487667
